6 5 6 6 6 6 6 6 6 6

5 4 5 6 -2 6 6 5 2 5

6 5 0 6 5 6 6 6 -2 5

6 6 6 6 -2 0 6 6 6 6

6 6 6 6 6 6 6 6 5 6

6 6 6 6 5 6 6 6 6 6

6 6 6 6 1 -2 6 6 6 6

6 1 5 6 6 6 6 0 6 6

6 1 6 5 6 1 5 6 -2 6

6 5 6 6 6 6 6 6 6 6

6 6 5 6 6 6 6 6 6 6

6 5 3 5 6 6 6 1 1 5

6 -2 -2 -2 6 6 -2 5 6 6

6 5 1 6 5 6 -2 6 6 6

6 6 6 5 4 5 6 6 6 6

6 6 6 6 5 -2 6 6 6 6

6 6 6 -2 6 6 5 2 5 6

6 6 5 -2 6 5 -2 -2 -2 6

5 2 2 5 6 6 6 -2 6 6

6 5 6 6 6 6 6 6 6 6

6 5 6 6 6 6 -2 5 6 6

5 4 5 6 2 5 6 3 5 6

6 5 6 -2 5 -2 6 5 2 6

6 6 2 5 6 6 -2 6 6 5

6 -2 5 6 -2 6 5 6 6 -2

2 5 6 6 6 1 6 6 0 6

5 6 6 -2 6 5 6 -2 6 5

6 -2 6 6 -2 6 -2 5 6 6

6 6 -2 5 6 0 6 6 0 6

6 6 6 1 6 6 5 6 6 6